80
780
275
968
6
601
264
400
206
471
572
123
214
417
54
201
278
634
176
677
679
369
815
765
11
627
719
947
115
648
534
228
595
618
17
593
442
208
169
346
810
851
809
831
58
783
361
406
688
512
850
381
596
502
804
646
791
317
57
280
955
78
574
313
776
598
320
432
153
300
732
871
446
304
934
390
701
344
545
493
637
599
659
476
481
905
605
790
399
828
5
514
159
651
69
630
933
198
409
212
962
588
959
81
384
423
272
562
961
950
505
1
564
295
726
671
575
402
620
234
386
146
667
135
490
51
287
807
175
75
405
8
294
190
848
816
544
337
846
393
569
695
713
248
843
501
639
23
110
192
262
553
189
436
92
924
256
849
138
875
808
454
673
862
34
253
752
704
560
482
231
965
552
225
657
353
845
298
739
966
691
266
931
597
15
269
10
219
24
380
863
375
321
735
40
243
193
