629
343
410
468
260
226
392
31
664
911
976
351
358
487
743
942
615
714
131
496
789
700
818
99
835
479
539
571
985
255
185
537
705
137
764
163
213
232
151
370
434
268
929
610
250
860
486
523
430
747
953
750
984
616
273
162
723
622
170
128
296
207
887
921
522
703
631
500
878
474
261
167
326
540
411
576
289
492
584
102
186
472
237
840
448
876
801
749
889
274
181
282
833
257
696
331
623
249
252
3
781
754
557
823
270
852
626
461
744
983
473
133
445
111
937
178
767
503
839
310
450
614
763
939
980
495
104
578
494
559
908
439
803
814
708
909
460
817
619
913
112
825
329
914
549
79
271
930
177
910
787
979
22
46
327
371
195
366
778
891
245
422
798
483
98
813
403
440
205
740
199
9
93
899
940
413
412
925
731
179
733
988
897
821
28
511
902
693
638
365
824
692
768
211
147
338
166
2
398
741
