669
904
443
184
900
583
246
292
4
101
799
478
435
499
288
594
907
238
357
305
958
316
27
982
506
63
820
293
737
404
497
259
662
751
38
56
532
952
303
489
415
678
39
658
84
401
525
585
935
210
363
119
77
59
437
120
457
504
895
826
43
374
946
49
32
885
805
770
325
609
529
883
364
139
95
221
954
396
698
118
50
943
972
838
230
82
94
377
484
368
788
644
513
535
425
766
367
555
488
391
686
458
533
675
858
558
636
70
464
674
203
709
215
64
385
352
738
987
143
229
312
383
328
581
977
694
879
617
580
509
718
865
663
926
220
974
802
519
712
655
792
453
336
628
586
793
720
12
938
204
33
888
822
222
577
350
339
548
420
251
37
685
894
109
591
469
240
387
716
872
141
856
724
527
301
447
100
923
85
148
932
359
550
235
360
114
649
254
459
587
334
607
149
308
55
347
811
