150
874
621
612
806
960
355
568
491
794
600
173
91
643
290
920
563
462
152
892
41
684
463
130
916
348
122
42
543
531
431
239
530
332
608
165
307
452
774
945
13
711
880
681
291
918
775
896
96
796
236
318
706
172
322
157
589
475
97
547
561
957
45
868
641
286
277
827
725
736
890
565
903
730
536
86
429
388
855
25
857
477
62
746
444
936
44
218
971
88
975
105
645
125
433
158
755
200
456
510
342
276
710
948
727
870
785
970
373
734
389
632
963
760
267
21
73
542
917
455
53
624
136
602
841
407
451
117
265
372
779
194
129
722
773
579
834
61
625
518
341
209
467
508
546
668
376
756
613
107
516
224
466
76
538
847
526
877
951
967
922
279
745
223
182
715
676
414
784
864
124
83
60
354
660
611
108
556
26
604
866
227
394
340
886
29
771
285
171
113
156
869
680
956
242
183
197
