1	8
2	7
3	7
4	8
5	7
6	7
8	7
9	8
10	7
11	8
12	7
13	8
15	7
17	8
21	7
22	8
23	8
24	8
25	7
26	8
27	7
28	8
29	7
31	7
32	7
33	8
34	8
37	8
38	8
39	6
40	7
41	8
42	8
43	7
44	7
45	7
46	8
49	7
50	8
51	7
53	8
54	8
55	7
56	8
57	6
58	8
59	8
60	8
61	6
62	8
63	8
64	8
69	8
70	7
73	8
75	8
76	8
77	8
78	8
79	8
80	8
81	7
82	7
83	8
84	8
85	8
86	8
88	8
91	8
92	7
93	8
94	8
95	8
96	8
97	7
98	8
99	7
100	7
101	8
102	8
104	7
105	8
107	7
108	8
109	8
110	7
111	8
112	8
113	7
114	8
115	8
117	8
118	7
119	8
120	7
122	8
123	8
124	7
125	7
128	8
129	7
130	8
131	8
133	8
135	8
136	8
137	8
138	7
139	8
141	7
143	8
146	7
147	8
148	7
149	7
150	7
151	7
152	7
153	8
156	8
157	7
158	7
159	8
162	7
163	8
165	8
166	8
167	8
169	7
170	7
171	7
172	7
173	7
175	7
176	7
177	8
178	8
179	8
181	7
182	8
183	8
184	5
185	8
186	7
189	8
190	8
192	6
193	8
194	7
195	8
197	7
198	8
199	8
200	7
201	8
203	7
204	7
205	8
206	7
207	8
208	7
209	7
210	7
211	7
212	7
213	7
214	7
215	8
218	8
219	8
220	6
221	7
222	8
223	8
224	7
225	8
226	7
227	8
228	7
229	7
230	8
231	7
232	7
234	7
235	7
236	7
237	7
238	8
239	8
240	8
242	8
243	8
245	4
246	8
248	8
249	8
250	8
251	6
252	8
253	7
254	7
255	6
256	8
257	7
259	8
260	8
261	7
262	8
264	7
265	7
266	6
267	8
268	7
269	7
270	8
271	8
272	8
273	7
274	7
275	8
276	8
277	7
278	8
279	6
280	7
282	7
285	7
286	7
287	7
288	8
289	8
290	7
291	8
292	8
293	7
294	7
295	7
296	8
298	8
300	7
301	8
303	8
304	8
305	6
307	7
308	8
310	7
312	8
313	8
316	8
317	8
318	8
320	8
321	7
322	8
325	8
326	7
327	7
328	7
329	7
331	7
332	7
334	8
336	7
337	8
338	7
339	8
340	7
341	8
342	7
343	8
344	7
346	7
347	8
348	7
350	8
351	7
352	8
353	8
354	8
355	7
357	5
358	8
359	8
360	7
361	8
363	8
364	8
365	7
366	8
367	7
368	8
369	8
370	7
371	8
372	8
373	8
374	6
375	8
376	8
377	8
380	8
381	7
383	8
384	8
385	7
386	7
387	7
388	8
389	7
390	7
391	7
392	8
393	8
394	7
396	8
398	8
399	8
400	7
401	8
402	8
403	7
404	8
405	7
406	8
407	7
409	2
410	8
411	8
412	8
413	8
414	8
415	7
417	7
420	7
422	8
423	7
425	8
429	7
430	8
431	8
432	7
433	7
434	8
435	7
436	8
437	8
439	7
440	7
442	7
443	7
444	7
445	8
446	7
447	7
448	7
450	8
451	8
452	8
453	7
454	8
455	7
456	8
457	7
458	7
459	7
460	8
461	8
462	7
463	8
464	8
466	8
467	7
468	8
469	7
471	7
472	8
473	8
474	7
475	7
476	8
477	8
478	7
479	7
481	7
482	8
483	8
484	8
486	8
487	7
488	7
489	7
490	8
491	7
492	8
493	7
494	8
495	8
496	7
497	8
499	7
500	8
501	6
502	8
503	7
504	7
505	7
506	7
508	8
509	8
510	8
511	7
512	7
513	6
514	7
516	8
518	7
519	7
522	7
523	8
525	8
526	7
527	7
529	8
530	8
531	8
532	8
533	7
534	8
535	8
536	7
537	8
538	8
539	8
540	7
542	8
543	8
544	7
545	7
546	8
547	7
548	8
549	8
550	7
552	8
553	7
555	7
556	7
557	7
558	8
559	8
560	8
561	7
562	8
563	7
564	7
565	7
568	7
569	7
571	7
572	8
574	8
575	7
576	7
577	7
578	8
579	8
580	7
581	7
583	8
584	8
585	7
586	8
587	7
588	8
589	8
591	7
593	7
594	8
595	8
596	7
597	8
598	7
599	8
600	8
601	7
602	3
604	7
605	7
607	8
608	8
609	7
610	8
611	7
612	7
613	7
614	7
615	7
616	7
617	7
618	8
619	7
620	8
621	7
622	8
623	8
624	8
625	8
626	8
627	8
628	7
629	7
630	7
631	7
632	6
634	8
636	7
637	7
638	7
639	7
641	8
643	7
644	8
645	7
646	8
648	8
649	7
651	7
655	8
657	8
658	7
659	8
660	7
662	8
663	7
664	8
667	8
668	7
669	7
671	8
673	8
674	7
675	7
676	8
677	8
678	7
679	7
680	7
681	8
684	7
685	7
686	8
688	8
691	7
692	8
693	7
694	8
695	7
696	8
698	7
700	8
701	7
703	7
704	7
705	8
706	8
708	8
709	8
710	5
711	7
712	7
713	7
714	7
715	7
716	8
718	8
719	7
720	8
722	8
723	8
724	8
725	7
726	8
727	8
730	7
731	8
732	7
733	7
734	7
735	7
736	8
737	7
738	8
739	7
740	8
741	8
743	7
744	7
745	8
746	8
747	8
749	7
750	8
751	3
752	8
754	8
755	8
756	8
760	7
763	8
764	8
765	8
766	7
767	7
768	7
770	8
771	7
773	8
774	7
775	7
776	8
778	8
779	8
780	1
781	8
783	8
784	7
785	7
787	8
788	7
789	7
790	8
791	7
792	8
793	7
794	8
796	7
798	8
799	8
801	7
802	7
803	8
804	8
805	8
806	8
807	8
808	8
809	8
810	8
811	8
813	8
814	8
815	7
816	7
817	7
818	7
820	8
821	7
822	8
823	7
824	8
825	7
826	8
827	7
828	8
831	8
833	8
834	8
835	8
838	6
839	8
840	8
841	8
843	8
845	8
846	8
847	7
848	7
849	8
850	7
851	8
852	7
855	8
856	8
857	8
858	8
860	7
862	7
863	7
864	8
865	8
866	8
868	8
869	7
870	8
871	8
872	7
874	8
875	8
876	8
877	8
878	8
879	8
880	8
883	8
885	7
886	7
887	8
888	7
889	7
890	7
891	7
892	7
894	8
895	8
896	8
897	8
899	7
900	8
902	7
903	7
904	8
905	6
907	8
908	5
909	8
910	7
911	7
913	8
914	8
916	8
917	7
918	8
920	8
921	8
922	8
923	8
924	8
925	7
926	8
929	8
930	8
931	7
932	8
933	7
934	8
935	8
936	7
937	7
938	7
939	7
940	7
942	8
943	7
945	8
946	8
947	8
948	6
950	7
951	7
952	8
953	7
954	7
955	8
956	8
957	7
958	8
959	7
960	8
961	7
962	8
963	7
965	7
966	8
967	8
968	7
970	8
971	7
972	8
974	8
975	8
976	8
977	8
979	7
980	8
982	7
983	7
984	7
985	8
987	7
988	8
