145
106
800
161
216
18
777
297
854
258
567
395
47
742
928
898
748
687
707
853
263
333
281
180
126
187
36
915
859
517
647
349
233
424
981
30
427
689
480
819
697
906
661
142
570
283
121
71
836
247
438
418
573
867
428
449
319
498
144
378
964
314
90
757
884
551
769
315
470
465
729
67
642
944
758
485
154
592
837
650
652
640
830
672
665
14
441
426
524
682
202
969
683
20
717
901
699
842
761
812
416
829
127
7
882
541
155
927
241
345
844
702
528
603
654
72
690
52
217
196
566
762
421
87
881
507
590
795
16
35
782
912
311
656
670
164
132
973
515
986
772
65
302
520
74
362
666
949
19
48
379
919
188
382
244
893
521
408
174
653
832
419
941
335
978
309
873
103
134
116
299
168
324
284
721
635
356
306
554
191
797
606
66
861
89
323
753
786
330
160
68
759
633
582
140
397
728
