-17.7914903975
-5.47416500002
-5.45822656115
-5.46595294476
-5.37900602242
-5.27689444316
0.368543186673
-2.4995954692
-257.541367735
-43.0264799588
-42.9804583833
-42.8831542646
-42.3078311686
-38.3941564249
-2.83891735588
-137.452872974
-29.3144506061
-14.5493439855
-14.5629456395
-14.4822423867
-14.4541555529
-14.1990894267
2.0320009686
-26.5266431915
-5.97556713299
-1.45729929255
-1.45500303408
-1.41264638401
-1.45333253778
-1.19392916839
1.0059895278
-15.2031501604
-25.3089742649
3.53826440693
3.51680210347
3.57227050658
3.64573209757
3.86860612236
0.559665553547
-38.9604262928
-20.6997635635
-3.94080791704
-4.02158466255
-3.9925791149
-3.99266349972
-4.1187928977
0.431767549222
9.64582083364
-211.715502705
-49.3602657834
-49.5174083278
-49.3596957612
-48.9019904578
-48.1282287937
-4.23151031812
27.7734757468
-36.8412543808
-2.80250179653
-2.832942225
-2.80747371143
-2.69124838353
-2.36656595902
0.13127212991
-20.4088494481
-69.725249256
-18.4067608386
-18.4621143412
-18.3905269308
-18.3023826138
-17.354654648
-0.381772550146
-7.49311424002
-19.1030021634
3.31161388408
3.30336392518
3.29823736519
3.37781168399
3.51788769504
-0.0498975047885
13.2550761439
-322.519136519
-50.9139428752
-51.1680204416
-50.7819197953
-49.9344186572
-47.1820315808
-3.52069741818
-171.240989048
-7.01377027124
5.38699057229
5.37933640707
5.41389498035
5.43968152963
5.5717639725
0.216044529248
19.7141192025
-22.7772270695
-5.2197621158
-5.23587576281
-5.22018304193
-5.14276702982
-4.86393662898
0.837871682683
-16.1694532318
-16.7664808791
-1.55041898576
-1.57555139763
-1.55654890905
-1.52864327707
-1.17313516054
0.74552648063
-17.8945182199
-24.1869020111
-1.72916032537
-1.73927009943
-1.72006959499
-1.66077557172
-1.45404386054
0.21331639305
-12.4324947468
-360.603647338
-94.9909716764
-95.1086175477
-95.0983552069
-93.6705572774
-91.1530598873
-9.01362737038
-331.479937049
-208.931033722
-49.8270427015
-49.8049435098
-49.7198305075
-49.4608632293
-47.1450159795
-3.81662308937
32.4110387909
-36.1940685172
-6.31836392348
-6.31398270939
-6.3093762682
-6.20888822769
-5.6585515821
-0.364218758622
-6.29345766217
-53.819466133
-5.94625803423
-5.97508685754
-5.90266049765
-5.6850611359
-5.72558511379
0.246620128061
-87.6264686498
-42.206877535
-0.598413199121
-0.629248712029
-0.611648100831
-0.529437035574
-0.143692994153
0.497714922405
-15.1747678943
-144.873733793
-2.34955610896
-2.35960767093
-2.3307005556
-1.5106428728
0.27212469056
-1.18170947121
-40.0049115331
-3243.78176386
-384.098717227
-387.309466804
-385.994279603
-378.279981696
-355.254109132
-29.3379060797
-1359.42198416
-34.0974683233
-2.71318811695
-2.73010287285
-2.80297939905
-2.58402003167
-1.8717254294
0.00770289441864
4.00871309061
-29.134863037
-5.64004471432
-5.66342102561
-5.64292228799
-5.57313656835
-5.4339997134
-0.00898611465297
-64.2295255488
-20.4301066572
-0.549305178461
-0.56377118933
-0.519645304704
-0.469260575759
-0.316047383654
0.467153599905
-24.5641915309
-258.070780654
1.82387506154
1.67653007217
1.93724820628
2.95070588691
6.57693636513
-4.95051404735
-139.370879502
-29.637086453
-4.80564170827
-4.81446851794
-4.80352548753
-4.69371433817
-4.49204094647
-0.196807101616
-23.9188575205
-56.1676894365
-12.9933845203
-13.1068440786
-13.023754091
-12.8540825939
-12.3680299665
2.04443301052
-75.3121479056
-12.9569247057
-4.28595378382
-4.29396717807
-4.28363741124
-4.21870058179
-4.14847269799
0.165116349437
5.47489760299
-15.0510031156
-5.5473266522
-5.53473437821
-5.519453128
-5.47902231208
-5.33144950876
0.0438467482329
1.83016805917
-5.53322105872
-1.56471675145
-1.57566033494
-1.56157680921
-1.54974201059
-1.53236627943
0.31029496214
-19.1821839768
-142.422950217
-29.9047453866
-29.9458901425
-29.833522395
-29.3559659437
-27.9053255407
-2.88293740446
-74.500564941
-73.2163888956
-9.37177470231
-9.40797482407
-9.36044675758
-9.10312973427
-8.31553861618
0.0558946363414
-20.8705364762
-401.138169202
36.7496782728
37.1962315033
36.7233089171
38.4502594235
44.0888747679
2.69520177639
-488.799234445
-87.1897375367
-17.3701857579
-17.3832603225
-17.2745928423
-17.0349097075
-15.6909118683
-0.746156965239
4.24559377374
-27.9407839646
3.90379537454
3.88259363622
3.892390759
4.01348030077
4.23039802387
-0.482471378625
46.0797427091
-31.7212855453
-7.08522177075
-7.09421205566
-7.08524564301
-6.94058006694
-6.56467546899
0.165273409583
-2.07683985281
-51.8970937336
-7.95997506138
-7.97011281778
-7.95577067744
-7.773974403
-7.22540941506
-1.33682529965
-26.3734642835
-42.2017763628
-7.54679580713
-7.55721803029
-7.53151824146
-7.35688634854
-6.6467609922
-0.813055412189
-5.16683288184
-7.19823520143
-4.67679102788
-4.67151671228
-4.70967629381
-4.63543509163
-4.54766836529
0.848048610066
-22.3732680533
-83.7403475016
-19.3944869091
-19.4982761067
-19.426018577
-19.1603033314
-17.8108291547
1.78053286343
-128.421401289
-24.8076339781
-4.63140600486
-4.65526184316
-4.66285161389
-4.56712366705
-4.09536969328
0.45014628676
3.73582109718
-150.638595458
23.6168850464
23.5769774434
23.5571716785
24.238028531
28.0814177344
0.149307282941
-21.0336741096
-0.01
-0.176705061473
-0.177160773698
-0.164854495039
-0.17448212448
-0.18547994614
0.207849434041
-0.44758372431
-293.5866983
-64.1066359653
-63.8972322866
-63.7518434238
-63.1848233302
-61.2262579548
-6.93514491058
-26.6341053057
-911.589087914
-169.014696768
-169.341116906
-168.479065234
-167.046728282
-160.611635659
-24.9973699138
-249.937696213
-138.219938469
-30.1004063618
-30.1421908504
-30.0668440996
-29.6201616405
-29.8901795249
-1.3751170174
-132.899079026
-37.8024858727
-6.90016337035
-6.90342583147
-6.92036799102
-6.72067585943
-6.82715856545
0.934426025205
-55.4141147962
-65.8382085011
7.13559003457
7.11621099106
7.10450722502
7.38635651098
8.40196470558
0.688821874896
36.4436308641
-43.5768274231
-5.43356605164
-5.41740310233
-5.47623628349
-5.32190926515
-4.46037666385
0.714686527577
-31.0785443311
-513.837990589
-69.0218623569
-68.9766407893
-68.7258845784
-66.8914747978
-59.3946479054
-13.2105050997
-133.915658243
-247.084349974
-42.4466877447
-42.4482276621
-42.3315989684
-41.6227072093
-38.5681297369
-5.05003986639
-0.724223809907
-41.6255819721
-5.9170063881
-5.92603490132
-5.90385769875
-5.74649706025
-5.41904331439
-0.39735068187
-16.6901420428
-153.576554398
-21.130934897
-21.1736416005
-21.0702018885
-20.5326449642
-17.8084936923
-3.45152090398
-99.4419040191
-32.7427673588
-3.69188477234
-3.70052933963
-3.6953827777
-3.56807621269
-3.11694367994
-0.566269668172
-25.580101439
-55.1868310961
3.45907564936
3.36646015001
3.51332531495
3.49695533496
3.13500875899
3.68730382809
-1.81867815664
-33.7483030685
-13.7289767375
-13.7201992709
-13.7043114611
-13.544821168
-13.3672301883
0.217364692614
-72.5268335013
-29.2314440432
-17.9698588802
-18.0070778897
-17.9760429252
-17.9832755533
-17.4689636557
0.256229378735
11.7254646733
-76.1173009105
-12.4380922573
-12.4794440771
-12.4314357765
-12.2752775974
-11.3865792146
-0.0615966895495
15.6958309072
-118.527636852
-18.4162904416
-18.3923588439
-18.3372783759
-18.1977304529
-16.6608743838
-0.55980452289
19.6848718411
-311.900858475
-42.6193698558
-42.7759777283
-42.7659263535
-41.4649782411
-39.0725420584
3.43378096305
-196.749331864
-52.995856047
-6.23959174026
-6.23193364533
-6.22333265149
-6.00711515551
-4.73853464585
-0.652164885475
-14.2263531679
-236.512820966
-36.3875211853
-36.3989858656
-36.3479043755
-35.1434867686
-33.6790027876
-5.13720533711
-71.7717358388
-11.0509385399
-5.10503823
-5.10648931552
-5.10097411148
-5.07418534047
-4.87073473929
0.582700810084
-20.1371589811
-19.4152052075
-7.56126211566
-7.59302320516
-7.52054624704
-7.48855828881
-7.37655582052
0.429314709645
-10.6702975679
-9.62990025667
-2.46360570227
-2.46636053043
-2.45506522182
-2.42057185889
-2.30693403632
0.581360391739
-23.6198321419
-28.161549023
-3.23335508463
-3.25423562489
-3.22876054213
-3.19865932474
-2.98650948104
-0.409976505739
10.1328370692
-25.3359114138
-0.255660156459
-0.265214879083
-0.237657582788
-0.121156438784
-0.0560860961855
0.0961605820226
-2.73953014206
-44.1715116196
-9.75788138708
-9.77737151139
-9.73540366508
-9.55457858443
-9.03034056983
-0.879461979097
-22.1109795251
-15.22
-1.12284166069
-1.11791104852
-1.10727391967
-1.10189888912
-1.09126185304
0.36367614629
1.31471683015
-198.882780807
-27.6219865566
-27.6150757534
-27.5958989937
-27.0227573028
-23.721706205
-5.09773746553
-37.1458054953
-38.0802390017
1.87520530557
1.82692046033
1.85336108612
2.06884687088
2.09656714659
0.603149438754
-25.5714567058
-156.787775334
-35.4861020662
-35.4089236999
-35.151154863
-35.0819118316
-31.9016866936
-2.69202743357
-156.257829899
-119.651145275
-19.6985389955
-19.8054432766
-19.6866226634
-19.4778794064
-17.7160841713
0.249440020895
47.9610805567
-43.7867853527
-2.85942699325
-2.86245179006
-2.8492986339
-2.7370261328
-2.26294954818
-0.118387362403
-7.06121796868
-5.80304327981
-2.69139262416
-2.69117774699
-2.66458425157
-2.64274053365
-2.71214995527
0.826387772098
2.92550746661
-49.0816147145
-14.4462437672
-14.5263819152
-14.343388501
-14.3075661472
-14.4786379615
0.918786277738
-86.214587212
-27.2195083777
-4.86231144495
-4.8604257421
-4.86466102855
-4.77462628921
-4.43635050443
-0.192090037843
-13.3304252463
-265.588283349
58.7830789147
58.5869767451
59.4145211832
59.6199729073
59.5369331362
-2.46270763372
-454.994610529
-18.8534652256
-4.29646078881
-4.30602337024
-4.28285269201
-4.16859425154
-4.1073320644
0.0414517608054
-32.9852179375
-85.8134212383
-20.8369340887
-20.8426199929
-20.8472051639
-20.559040441
-19.5370407461
-1.5117281208
-51.1242782515
-8.34697551309
-1.58316541121
-1.55941910999
-1.55317335648
-1.58895225951
-1.49592581139
0.581552499539
-2.73296242207
-85.3450707553
-7.40415111735
-7.40173337732
-7.40404124361
-7.03934225924
-6.33093281049
-1.63681802745
-54.9284967389
-56.1616459765
29.2569230044
29.2690036483
29.261530339
29.4489366438
31.3577136759
3.09231330132
-23.1169862234
-27.0532986818
1.30315871299
1.32113760007
1.28945915247
1.45289339332
1.4747807432
-0.503498207831
-32.269117884
-61.3307154733
-5.02695008025
-4.91184125046
-4.78514489392
-4.67042746496
-3.8601659567
4.00216233416
-89.4277906295
-45.2882182342
-13.7660389934
-13.7840586911
-13.7594798924
-13.5767165456
-12.8856609181
0.340672164709
-27.2735164188
-24.7647137619
-3.98129760487
-3.9825646697
-3.98075850839
-3.89976643494
-3.54281614107
-0.0757169764345
3.73508983469
-67.4479497129
-3.60216519416
-3.58929353311
-3.62080640238
-3.40551568085
-2.4168671927
0.986167314809
9.40741800244
-39.172511002
-5.53004217497
-5.53920921504
-5.52436524126
-5.4355724493
-4.9859667502
-0.271878086146
9.89939087503
-77.3857225207
-36.3957486684
-36.360863166
-36.2654445127
-36.1730665701
-34.989743655
1.66567639173
-20.6936932112
-8.3404779589
2.41032782963
2.40449768116
2.43705023155
2.4751860036
2.53310274142
0.790262948909
-36.7600201333
-74.1426509578
12.1231706025
12.1370629227
12.1641312403
12.4433475148
15.0522251464
1.12635824928
-54.0138475831
-304.52628178
-58.1739133241
-58.0982884703
-58.1685521623
-56.9921479539
-53.0800476602
0.375100243702
-274.074430964
-217.867884603
-5.85742058817
-5.9106425791
-5.68611208472
-4.91101531413
-3.45032848394
-1.04749398452
-230.435089276
-36.8163553989
11.3509696901
11.2973641206
11.3463315154
11.5530755825
12.2647914804
1.34005678206
-49.6967494397
-122.645660131
-23.0379769137
-23.1534826468
-23.0022175158
-22.6769167531
-22.432617515
-1.41977678626
-56.9001635784
-27.7901948199
-14.8901357091
-14.9005387887
-14.824559784
-14.7939691269
-14.2941621546
0.453040476654
-25.5406385412
-15.2540582662
0.108072388809
0.114527071996
0.131614441553
0.152813135516
0.269670168622
1.10852892239
-19.8792790554
-77.3320862935
-43.3153992639
-43.2818499625
-43.0482046906
-42.9685928352
-42.0773103405
0.371495844658
-98.948671776
-139.876655731
-18.3334325716
-18.4007653636
-18.292413947
-17.6024431418
-16.0388356572
1.12372968112
-128.251779475
-0.33
-0.189609324794
-0.189609324794
-0.191813031649
-0.178573470592
-0.197753258956
0.113308766248
-0.452411057528
-57.1777808235
-7.94907930186
-7.98231639774
-7.89006422386
-7.79803533385
-6.91476582167
1.95821369993
-65.0626832282
-10.0096516834
-1.54233483644
-1.5418253395
-1.54404701346
-1.51554960521
-1.50701159806
0.463650297222
7.17651790203
-229.400485212
-52.4230446861
-52.5413217917
-52.1535419865
-51.9593590149
-47.2200464552
0.752984206049
-156.906258623
-159.016583638
-36.3102822607
-36.3637110602
-36.2640008231
-35.7149317966
-33.964477236
-2.0134796555
-53.563325693
-9.70755924337
-1.69239977161
-1.69036541371
-1.68040080749
-1.67431626199
-1.54978269961
0.647543228225
-0.0532233928931
-0.01
-0.176705061473
-0.177160773698
-0.164854495039
-0.17448212448
-0.18547994614
0.207849434041
-0.44758372431
-204.410683555
-14.001082354
-14.0476318323
-14.0671651439
-13.117911095
-13.1208514451
-3.61297270283
-81.2836074851
-14.7698240996
-5.03901254485
-5.03389657832
-5.03194815727
-4.9777650378
-4.92689646645
0.446674754636
3.60391344454
-9.35989411366
-4.67883205309
-4.68072785304
-4.67575809535
-4.62403137022
-4.54892347166
0.313855268001
-15.6504312943
-71.8208207325
4.885132368
4.89743089179
4.82831567491
5.16961780619
5.13365364457
-0.100371412998
-114.180515042
-63.0559624786
-4.87462652499
-4.84203463474
-4.88625088893
-4.67912930279
-3.56630692168
1.10399898226
-58.6030837513
-584.206842208
-62.3575097724
-62.4663696688
-62.1627301505
-60.2577041837
-61.3184880147
-6.20269869293
-254.560767466
-15.0857583681
-10.260920098
-10.2651431844
-10.2812826223
-10.2403503351
-9.9499673523
0.264788619235
30.3291898185
-40.9214820488
-4.96201972959
-4.97284211542
-4.96673250455
-4.82174726293
-4.29315654917
-0.336998323442
-4.81058404744
-269.525078653
-57.3345401427
-57.428264457
-57.1790524658
-56.4955832778
-54.0880144684
-8.88703883927
-116.231263565
-20.2628786861
-0.666466678951
-0.722907345592
-0.710219292059
-0.678251178047
-0.64635566528
0.554836642741
4.50107826991
-39.518325818
-7.66486485995
-7.67696430092
-7.66030414494
-7.5105134059
-7.11984743622
-0.735007233142
-28.1980204297
-14.7855303495
-7.44601553427
-7.4658669591
-7.46009692612
-7.37255498931
-7.2584296357
0.21139666145
-31.9483978444
-11.1700159193
-0.865030276827
-0.868562515846
-0.874181283668
-0.819840774377
-0.763863631241
0.0137279098275
-2.11760202572
-378.271842972
-50.4704416366
-50.687967814
-50.2141246381
-49.7028494636
-49.4770686498
-0.916953800946
-79.5546980631
-17.382545515
-8.41388156817
-8.41491107547
-8.41545113874
-8.32229063921
-8.13211448843
0.477355178534
-32.1138576254
-33.1692608177
2.79364717072
2.83501428364
2.93299841522
2.94008127416
3.14244179724
0.213631403112
-38.7781883781
-33.735569269
-6.02688847642
-6.03114465221
-6.01148225066
-5.92528636185
-5.47946752655
0.0271004005103
-1.78057786067
-115.957353489
-15.8194791166
-15.8430377265
-15.7856207082
-15.3991038234
-13.7315418375
-2.79294598933
-31.6058274913
-279.901610038
-59.3157800763
-59.2909918629
-59.3242843065
-58.2683037045
-54.7888671414
-5.40207133116
-130.123077304
-71.7355890584
-33.0672586239
-33.1432881004
-32.6919093434
-32.6793334129
-32.2378190639
1.77861964429
-70.9744801577
-72.4730737983
17.5875052068
17.5978649067
17.6664542389
17.8399310934
19.2997798028
5.41642803442
-147.038485149
-229.586310657
-19.7231713849
-19.8469846882
-19.6672415784
-19.3439088953
-18.9369173888
-3.87306188474
7.72701237807
-273.223469206
-28.0168140934
-28.0822751594
-28.1248134917
-27.3155154157
-23.4420116915
-2.84302086846
53.5371731015
-90.1015053855
-19.0256012384
-19.0743031279
-18.9794340625
-18.6673114185
-17.6677690742
-2.11600013517
-1.65166893682
-7.46736378769
-0.291804487544
-0.280013767635
-0.256919004082
-0.227657444904
0.0635660147715
0.54109118265
8.27759786201
-46.6836908833
-4.05034728653
-4.04655513169
-4.03516819064
-3.85885179569
-3.14020546548
-1.1871439731
-19.8739141617
-23.546053019
-4.99248043075
-4.97413109989
-4.98962440217
-4.87363125598
-4.53263361137
0.0175925058173
-32.4238388595
-220.738333817
-46.720039258
-46.8880808182
-46.7890119196
-46.2285485337
-44.4537483806
-1.14007761949
1.31879669698
-36.1803317098
3.95599582137
3.94953026211
4.03435240245
4.15564098144
4.56055487277
4.08751641968
-130.540484945
-11.6537349981
1.99491777068
1.99623123941
2.01589777588
2.02744834836
2.10535349702
0.471219419602
-22.7705387151
-128.361480951
-14.8583458966
-14.8696624666
-14.7085436458
-14.2054224491
-12.3332703624
1.222407715
-83.7471945165
-98.5095766177
-17.6295424748
-17.6200228593
-17.5622958706
-17.3305453768
-15.6321980375
-2.173409072
2.62100909913
-24.9112359212
-2.17241456792
-2.17753300166
-2.17268463614
-2.08923725738
-1.83810114796
-0.170662384703
-11.3566666006
-20.1117999862
-4.50872658679
-4.50455058368
-4.51181418671
-4.4060724033
-4.10607230673
0.327303338574
-15.3038297223
-5.07
-0.315378866405
-0.31358342494
-0.314139808209
-0.309138921548
-0.301927302299
0.0519422374163
0.587433518153
-27.7153185163
2.51415962965
2.48820708462
2.45870103924
2.56402660446
3.1352888291
0.488785274058
25.6305393962
-120.471239092
-7.48559503601
-7.50178761641
-7.46464891854
-7.18075989801
-5.41584530016
0.0124739214362
-30.1288009141
-86.6764551824
11.5403799417
11.3792110935
11.4724280035
11.9239153906
13.0353144051
5.75013624354
-137.373592397
-38.7513086064
-10.1100731798
-10.1407739258
-10.0833322604
-9.96797959519
-9.95111709812
-0.157431734502
0.880556111999
-301.873776113
-46.0592956639
-46.3643572738
-46.1554844903
-45.0602507253
-44.7496505412
-3.60489848139
-305.562358554
-8.9354376607
5.18803501919
5.17963911237
5.22069713727
5.16854184669
5.4908052472
0.361354913343
-11.18700657
-7.17817686173
-5.35809270119
-5.35435229662
-5.3276177847
-5.29524328597
-5.41134720797
1.32362282649
-28.3649484242
-985.0262891
-131.728646058
-131.641298084
-131.047345836
-128.573171314
-116.984221731
-20.448189389
-82.4600768888
-0.01
-0.176705061473
-0.177160773698
-0.164854495039
-0.17448212448
-0.18547994614
0.207849434041
-0.44758372431
-36.6952103166
-9.04472030054
-9.06372908299
-9.04412745277
-8.83813592027
-8.17178997964
-0.312827279842
-26.5495323824
-57.8388978204
0.222864037899
0.18178242365
0.255557511903
0.459489188852
0.44546484531
-0.269293400274
-51.4222267756
-21.1039249008
7.84892657942
7.84699423927
7.93921988227
7.9710392684
7.66103045395
2.09476802318
122.340423184
-25.2409483142
-2.72050596593
-2.71290589
-2.72297988163
-2.62685152011
-2.32758376886
-0.000736121678048
-7.50409914753
-520.468732296
-129.142580752
-129.193506045
-128.786795344
-127.276513532
-123.321769942
-3.44712911328
-208.396161533
-38.7168277181
-4.53168231539
-4.53635628765
-4.4790080042
-4.43832799262
-4.09635799204
0.453542043765
15.4754675454
-109.804210106
-12.2194189163
-12.2304790718
-12.1755982707
-12.0087386719
-9.97721596829
2.533640028
-124.138970262
-12.9537618163
-7.89207438213
-7.917167894
-7.9280080993
-7.86865002624
-7.8229109885
0.501773663803
6.95059351228
-182.638954209
-29.5959852886
-29.7519735047
-29.549774595
-28.5801041111
-26.9261975944
-1.63463710162
-130.880870452
-43.3045268769
-0.416607340336
-0.429825126236
-0.322406408532
-0.207995816387
0.266052444052
1.86625037974
-181.906124901
-39.0627989759
-3.66752365192
-3.67861540022
-3.60648037112
-3.51438570311
-2.92797748865
0.591780096105
42.4998054986
-69.1615349492
-9.43696706379
-9.47545202663
-9.38180291956
-9.30683021475
-9.36914020989
-0.817775456583
36.3821301393
-9.41699898414
3.46673523628
3.45870258785
3.47513702992
3.55260740497
3.57041212386
0.842470448377
-28.686766082
-12.5303517312
3.04162410773
3.03515828218
3.07076607881
3.08159533801
3.05174426876
-0.0399732721817
3.47382415535
-335.91925565
-35.2655657634
-35.2184067441
-35.2937363747
-34.7025383261
-30.9471943416
-2.90496024233
16.2551230505
-37.1690374699
11.0141809482
11.0297654071
11.0294350194
11.1058568632
12.1000425519
-0.195074649603
-24.705332852
-46.306313252
-13.1780978228
-13.1981208845
-13.1873967007
-13.0079251567
-12.4639793875
-0.703009498862
28.9561105774
-10.0067305578
-3.3567257985
-3.34875592481
-3.36363717756
-3.30595003483
-3.25482511865
0.560030432619
-9.6759636399
-13.1786970196
5.329140111
5.340680362
5.33458792672
5.43108801579
5.38095989236
0.950167950535
-21.939153209
-69.8685580275
-20.6893326302
-20.7145988056
-20.6590071995
-20.3603630393
-20.1575805283
-0.562243793674
-27.5827996864
-45.2621466763
-8.31426386636
-8.33446843134
-8.29624325268
-8.15635764616
-7.56839441396
-1.00024087092
-25.7617082056
-23.0659555372
-6.23727450107
-6.23673250602
-6.2117970027
-6.13037878817
-6.02648677011
1.02301538617
-70.0780338503
-4073.41025086
-360.715766831
-360.811706754
-360.194485093
-342.962203742
-289.723619844
-79.2443864849
-2067.87604327
-4.56064498089
3.46374066494
3.45545652481
3.49993016933
3.48280509986
3.46347141027
0.843152624263
-41.2034300245
-10.5272476566
1.96301334482
1.95929616477
1.9673410482
2.00980442766
2.0418419883
0.36830098558
2.65896076979
-39.4860774087
-9.43123137792
-9.45521178024
-9.41017110232
-9.25578092894
-8.99426830073
-0.363164102787
-14.3071613705
-58.9715644368
2.07089326724
2.05259884664
2.06397554623
2.37791488974
2.33024439706
-1.47324135381
-36.6492469348
-46.7071514091
7.6411169769
7.54284183125
7.72490208878
8.1191925445
8.49610897776
2.51340940744
-162.060027911
-27.5014793036
-2.24749502477
-2.25287146092
-2.23330332077
-2.11296961111
-1.69905778541
0.0986904353074
-11.1441331301
-93.7504938968
-15.2442353705
-15.2572235342
-15.2386268665
-14.9997023261
-13.5118000973
-1.39580991146
-22.9671261216
-5.18678309062
-3.71638554308
-3.72873303277
-3.68201614027
-3.69186386486
-3.68737488895
0.418233596151
-10.0234350532
-17.9311112105
-8.41136945979
-8.43031238915
-8.33651557666
-8.32867340563
-8.42751065394
0.279090257164
-17.9647058419
-319.057004734
-48.4412754105
-48.389192803
-48.7835367278
-47.1649307145
-45.8415165625
11.3328246608
-76.9889761553
-55.6126666277
-1.69083764727
-1.67891607377
-1.68894268138
-1.49038768176
-0.785357492322
-1.42156304255
-6.42402109048
-11.6773287546
-1.32295768343
-1.33253049189
-1.31626792505
-1.29871347186
-1.28595097334
1.49431183293
-10.5036206998
-8.83424047076
-1.44939076383
-1.46779320991
-1.41828195306
-1.42870251553
-1.34024170574
0.483254071392
15.8329558669
-40.1610034681
-17.3388798553
-17.3352632891
-17.3217660017
-17.1243718263
-16.995433659
0.82057753795
-60.0743590346
-10.5270181422
-4.17077232544
-4.17614962661
-4.17814679569
-4.13524766723
-3.93716901402
0.366743835226
-6.85795954629
-382.410314063
-88.3098400878
-88.2202761314
-88.1964623997
-86.9609892832
-82.522994938
1.1307458987
-311.660189959
-76.6630130539
-14.0112547282
-13.9892990993
-13.8519089884
-13.7120088948
-13.0731304608
0.642125105859
-52.8697292355
-25.8148362187
-3.47303256657
-3.49300916215
-3.43079285553
-3.39546396242
-3.44423562956
0.62798312339
-1.49710958839
-102.251802296
-17.6598103324
-17.6225082834
-17.6378532403
-17.1979328958
-15.6972414425
0.28344476436
-56.6603020235
-70.9799192261
-22.7508754237
-22.8178690876
-22.7318372559
-22.6678364224
-21.4261479896
2.53107729001
-3.4079814195
-96.0181405696
-10.3762333489
-10.4023484687
-10.3977735103
-10.0151775856
-8.88123695978
-2.13029624008
40.9880759088
-102.809794148
11.0136011603
11.0241631346
11.0487351677
11.4010166377
12.8209231118
-3.38570943357
-102.506637027
